89
36
55
72
21
34
11
35
32
53
41
65
55
45
88
67
75
66
54
95
14
12
36
33
81
22
45
53
19
68
97
81
41
15
12
73
47
74
37
99
33
43
51
89
35
74
16
61
46
77
38
39
17
14
24
21
75
59
35
87
41
11
51
49
11
57
71
82
44
96
11
75
17
33
33
78
76
13
89
45
18
26
88
43
21
54
24
27
63
65
74
41
62
61
18
42
56
11
77
45
42
44
34
76
98
28
88
53
54
23
11
49
23
78
24
94
86
59
73
81
95
56
64
35
92
41
75
56
89
46
67
55
35
86
42
56
96
44
25
62
41
15
64
51
11
56
86
29
35
81
38
19
85
95
42
45
59
68
97
64
61
44
29
65
88
88
75
39
74
83
21
44
35
15
31
51
83
59
91
64
31
91
28
26
55
17
84
16
32
21
99
65
99
87
77
35
62
62
56
63
62
21
44
88
83
94
87
37
83
43
46
42
93
12
98
59
15
41
83
83
41
52
46
58
38
38
41
15
48
61
89
64
46
91
18
34
23
97
69
61
12
32
41
79
19
46
46
56
92
25
62
88
44
89
71
83
31
26
54
59
33
61
48
12
68
81
22
72
46
83
83
69
35
83
73
98
33
84
25
32
74
17
77
31
54
17
13
72
78
64
62
36
38
18
31
13
46
96
74
61
87
73
31
22
61
75
51
23
65
35
35
19
89
36
88
67
33
37
81
48
12
85
38
19
44
55
98
33
12
12
23
84
35
28
48
88
66
13
47
99
35
43
38
69
97
88
57
52
25
76
99
89
86
81
83
53
19
52
29
76
13
41
62
66
25
17
25
56
68
29
74
96
57
99
79
71
33
84
73
17
51
68
44
86
76
11
95
56
22
33
66
88
59
91
79
18
27
97
47
11
34
79
48
31
77
53
65
26
62
17
58
66
44
16
93
61
85
87
92
91
92
22
72
12
14
82
88
36
55
97
15
27
89
61
98
22
39
11
52
27
99
51
99
62
66
88
32
44
61
64
16
84
23
72
35
77
25
11
28
39
16
21
28
31
61
97
55
65
83
53
46
82
24
76
11
57
45
39
77
45
74
38
17
71
23
43
31
21
38
43
93
41
45
15
17
54
34
86
63
72
91
27
48
22
22
43
11
52
75
59
58
17
69
63
55
33
15
45
55
72
33
44
27
99
81
97
21
95
68
22
55
48
66
59
55
92
14
63
66
39
29
44
64
24
83
87
41
61
28
71
59
53
58
85
85
54
11
25
77
18
96
85
97
46
48
94
36
27
47
96
21
89
55
76
51
15
54
33
95
33
31
82
64
47
73
68
34
39
67
87
48
21
59
64
33
27
95
66
12
57
32
68
78
82
84
91
39
32
24
33
12
18
31
19
13
82
88
31
25
41
59
22
83
22
52
92
46
75
31
23
55
98
32
83
72
77
13
48
29
34
11
64
88
74
36
37
98
88
67
21
29
44
27
88
87
92
43
58
41
76
99
94
14
63
58
32
69
44
77
32
23
74
92
69
19
64
72
48
68
17
85
65
19
19
58
79
39
34
38
91
22
58
86
29
82
17
44
86
94
33
41
79
63
19
19
75
49
33
21
12
54
28
55
79
73
14
44
67
22
46
44
72
85
25
28
25
26
11
99
55
99
89
61
79
53
13
35
43
16
67
19
94
54
85
42
41
39
61
26
64
47
83
65
12
88
34
32
55
12
96
13
22
15
53
62
73
22
29
43
46
67
87
26
67
34
14
77
72
21
55
73
75
59
26
95
94
47
55
78
57
99
72
64
47
91
79
86
94
11
83
15
61
16
18
21
44
74
51
48
42
41
68
53
35
63
99
97
95
23
38
21
19
35
33
75
48
69
33
74
44
78
85
36
61
71
84
11
18
31
47
92
27
76
22
53
73
78
89
51
89
31
44
12
33
61
35
88
95
45
28
27
95
19
65
66
44
86
42
65
48
58
56
25
87
19
68
67
96
19
63
49
66
59
66
65
97
56
82
96
43
99
78
46
78
94
25
14
84
71
29
22
37
44
26
23
65
46
36
46
66
17
34
39
33
32
66
93
23
36
56
77
44
85
31
12
53
92
58
97
26
42
57
93
34
83
31
22
97
99
41
56
86
64
36
71
27
56
37
58
37
23
33
94
29
78
66
37
27
75
17
66
53
15
21
68
32
93
61
45
35
77
71
21
98
57
41
64
18
36
78
41
28
92
44
63
22
43
72
88
93
16
86
19
24
88
53
42
95
52
22